0,76,
1,76,76,
2,76,76,76,
0,76,76,
1,76,76,
2,76,76,
3,76,76,
4,76,76,
0,76,76,76,
0,76,
0,76,
1,76,76,
2,76,76,76,
3,76,76,76,76,
0,76,76,76,76,76,
1,76,76,76,76,76,76,76,76,76,
2,76,76,76,76,76,76,76,76,76,
3,76,76,76,76,76,76,76,76,76,
4,76,76,76,76,76,76,76,76,76,
5,76,76,76,76,76,76,76,76,76,
6,76,76,76,76,76,76,76,76,76,
7,76,76,76,76,76,76,76,76,76,
8,76,76,76,76,76,76,76,76,76,
9,76,76,76,76,76,76,76,76,76,
10,76,76,76,76,76,76,76,76,76,
11,76,76,76,76,76,76,76,76,76,
12,76,76,76,76,76,76,76,76,76,
13,76,76,76,76,76,76,76,76,76,
14,76,76,76,76,76,76,76,76,76,
15,76,76,76,76,76,76,76,76,76,
16,76,76,76,76,76,76,76,76,76,
17,76,76,76,76,76,76,76,76,76,
18,76,76,76,76,76,76,76,76,76,
19,76,76,76,76,76,76,76,76,76,
20,76,76,76,76,76,76,76,76,76,
21,76,76,76,76,76,76,76,76,76,
22,76,76,76,76,76,76,76,76,76,
23,76,76,76,76,76,76,76,76,76,
24,76,76,76,76,76,76,76,76,76,
25,76,76,76,76,76,76,76,76,76,
26,76,76,76,76,76,76,76,76,76,
27,76,76,76,76,76,76,76,76,76,
28,76,76,76,76,76,76,76,76,76,
29,76,76,76,76,76,76,76,76,76,
30,76,76,76,76,76,76,76,76,76,
31,76,76,76,76,76,76,76,76,76,
32,76,76,76,76,76,76,76,76,76,
33,76,76,76,76,76,76,76,76,76,
34,76,76,76,76,76,76,76,76,76,
35,76,76,76,76,76,76,76,76,76,
36,76,76,76,76,76,76,76,76,76,
37,76,76,76,76,76,76,76,76,76,
38,76,76,76,76,76,76,76,76,76,
39,76,76,76,76,76,76,76,76,76,
40,76,76,76,76,76,76,76,76,76,
41,76,76,76,76,76,76,76,76,76,
42,76,76,76,76,76,76,76,76,76,
43,76,76,76,76,76,76,76,76,76,
0,76,76,76,76,76,76,76,76,76,76,76,
1,76,76,76,76,76,76,76,76,76,76,76,
2,76,76,76,76,76,76,76,76,76,76,76,
3,76,76,76,76,76,76,76,76,76,76,76,
4,76,76,76,76,76,76,76,76,76,76,76,
5,76,76,76,76,76,76,76,76,76,76,76,
6,76,76,76,76,76,76,76,76,76,76,76,
7,76,76,76,76,76,76,76,76,76,76,76,
8,76,76,76,76,76,76,76,76,76,76,76,
9,76,76,76,76,76,76,76,76,76,76,76,
10,76,76,76,76,76,76,76,76,76,76,76,
11,76,76,76,76,76,76,76,76,76,76,76,
12,76,76,76,76,76,76,76,76,76,76,76,
13,76,76,76,76,76,76,76,76,76,76,76,
14,76,76,76,76,76,76,76,76,76,76,76,76,
15,76,76,76,76,76,76,76,76,76,76,76,
16,76,76,76,76,76,76,76,76,76,76,
17,76,76,76,76,76,76,76,76,76,
18,76,76,76,76,76,76,76,76,
19,76,76,76,76,76,76,76,
20,76,76,76,76,76,76,
21,76,76,76,76,76,
22,76,76,76,76,
23,76,76,76,
24,76,76,
25,76,
0,76,76,76,76,76,76,76,76,
1,76,76,76,76,76,76,76,
2,76,76,76,76,76,76,
3,76,76,76,76,76,76,
4,76,76,76,76,76,76,
5,76,76,76,76,76,76,
6,76,76,76,76,76,76,
7,76,76,76,76,76,76,
8,76,76,76,76,76,76,
9,76,76,76,76,76,76,
10,76,76,76,76,76,
11,76,76,76,76,
12,76,76,76,
13,76,76,
0,76,
1,76,76,
2,76,76,76,
3,76,76,76,76,
4,76,76,76,76,76,
5,76,76,76,76,76,76,
6,76,76,76,76,76,76,76,
0,76,76,76,76,76,76,76,76,76,
1,76,76,76,76,76,76,76,76,76,76,
0,76,76,76,76,76,76,76,76,
1,76,76,76,76,76,76,76,76,
2,76,76,76,76,76,76,76,76,
3,76,76,76,76,76,76,76,76,
4,76,76,76,76,76,76,76,76,
5,76,76,76,76,76,76,76,76,
6,76,76,76,76,76,76,76,76,
7,76,76,76,76,76,76,76,76,
8,76,76,76,76,76,76,76,76,
9,76,76,76,76,76,76,76,76,
10,76,76,76,76,76,76,76,76,
11,76,76,76,76,76,76,76,76,
12,76,76,76,76,76,76,76,76,
13,76,76,76,76,76,76,76,76,
14,76,76,76,76,76,76,76,76,
15,76,76,76,76,76,76,76,76,
16,76,76,76,76,76,76,76,76,
17,76,76,76,76,76,76,76,76,
18,76,76,76,76,76,76,76,76,
19,76,76,76,76,76,76,76,76,
20,76,76,76,76,76,76,76,76,
21,76,76,76,76,76,76,76,76,
0,76,
1,76,76,
2,76,76,76,
3,76,76,76,76,
4,76,76,76,76,76,
5,76,76,76,76,76,76,
6,76,76,76,76,76,76,76,
7,76,76,76,76,76,76,76,76,
8,76,76,76,76,76,76,76,76,76,
9,76,76,76,76,76,76,76,76,76,76,
10,76,76,76,76,76,76,76,76,76,76,
11,76,76,76,76,76,76,76,76,76,76,76,
12,76,76,76,76,76,76,76,76,76,76,76,76,
13,76,76,76,76,76,
14,76,76,76,76,76,
15,76,76,76,76,76,
0,76,76,76,76,76,
1,76,76,76,76,76,
2,76,76,76,76,76,
3,76,76,76,76,76,
4,76,76,76,76,76,
0,76,76,
1,76,76,76,76,
2,76,76,76,
3,76,76,
4,76,
0,76,76,76,76,76,76,76,76,76,76,76,
1,76,76,76,76,76,76,76,76,76,76,76,76,
0,76,76,76,76,76,76,76,76,76,76,76,76,
0,76,76,76,76,76,76,76,76,76,76,76,76,
0,76,76,76,76,76,
1,76,76,76,76,
2,76,76,76,
0,76,76,76,
0,76,76,76,
0,76,76,76,76,76,76,76,76,76,
1,76,76,76,76,76,76,76,76,76,
2,76,76,76,76,76,76,76,76,76,
3,76,76,76,76,76,76,76,76,76,
4,76,76,76,76,76,76,76,76,76,
5,76,76,76,76,76,76,76,76,76,
6,76,76,76,76,76,76,76,76,76,
7,76,76,76,76,76,76,76,76,76,
8,76,76,76,76,76,76,76,76,76,76,76,76,76,
9,76,76,76,76,76,76,76,76,76,76,76,76,
10,76,76,76,76,76,76,76,76,76,76,76,
11,76,76,76,76,76,76,76,76,76,76,
0,76,76,76,
0,76,76,
1,76,76,
2,76,76,
0,76,
1,76,76,
2,76,76,76,
3,76,76,76,76,
4,76,76,76,76,76,
5,76,76,76,76,76,76,
6,76,76,76,76,76,76,76,
7,76,76,76,76,76,76,76,76,
8,76,76,76,76,76,76,76,76,76,
9,76,76,76,76,76,76,76,76,76,76,
10,76,76,76,76,76,76,76,76,76,76,76,
11,76,76,76,76,76,76,76,76,76,76,76,76,
0,76,76,76,76,76,76,76,76,76,76,76,76,
0,76,76,76,76,76,76,76,76,76,76,76,76,
1,76,76,76,76,76,76,76,76,76,76,76,
2,76,76,76,76,76,76,76,76,76,76,
3,76,76,76,76,76,76,76,76,76,
4,76,76,76,76,76,76,76,76,
5,76,76,76,76,76,76,76,
6,76,76,76,76,76,76,
7,76,76,76,76,76,
8,76,76,76,76,
9,76,76,76,
10,76,76,
11,76,
