Result~
X0 , Y0 : initial point , ANG0 : main angle relative to X=0 






treeB
length : total tube pixels, Pend : 1 ( change port) , Dend : 1 ( change DSBX)






treeB
ID
X0
Y0
ANG0
length
Pend
Dend
treeB
treeB if branch
1
0
640
135
42
0
0
treeB
treeB else branch
before 80
1 0 640 135 42 0 0 41 681 
after 80
1 37 677 135 42 0 0 78 718 
0     (178 , 818)
1     (177 , 817)
2     (176 , 816)
3     (175 , 815)
4     (174 , 814)
5     (173 , 813)
6     (172 , 812)
7     (171 , 811)
8     (170 , 810)
9     (169 , 809)
10    (168 , 808)
11    (167 , 807)
12    (166 , 806)
13    (165 , 805)
14    (164 , 804)
15    (163 , 803)
16    (162 , 802)
17    (161 , 801)
18    (160 , 800)
19    (159 , 799)
20    (158 , 798)
21    (157 , 797)
22    (156 , 796)
23    (155 , 795)
24    (154 , 794)
25    (153 , 793)
26    (152 , 792)
27    (151 , 791)
28    (150 , 790)
29    (149 , 789)
30    (148 , 788)
31    (147 , 787)
32    (146 , 786)
33    (145 , 785)
34    (144 , 784)
35    (143 , 783)
36    (142 , 782)
37    (141 , 781)
38    (140 , 780)
39    (139 , 779)
40    (138 , 778)
41    (137 , 777)
mid pass
1
0
560
135
83
0
0
treeB
treeB else branch
before 80
1 0 560 135 83 0 0 82 642 
after 80
1 -4 556 135 83 0 0 78 638 
0     (178 , 738)
1     (177 , 737)
2     (176 , 736)
3     (175 , 735)
4     (174 , 734)
5     (173 , 733)
6     (172 , 732)
7     (171 , 731)
8     (170 , 730)
9     (169 , 729)
10    (168 , 728)
11    (167 , 727)
12    (166 , 726)
13    (165 , 725)
14    (164 , 724)
15    (163 , 723)
16    (162 , 722)
17    (161 , 721)
18    (160 , 720)
19    (159 , 719)
20    (158 , 718)
21    (157 , 717)
22    (156 , 716)
23    (155 , 715)
24    (154 , 714)
25    (153 , 713)
26    (152 , 712)
27    (151 , 711)
28    (150 , 710)
29    (149 , 709)
30    (148 , 708)
31    (147 , 707)
32    (146 , 706)
33    (145 , 705)
34    (144 , 704)
35    (143 , 703)
36    (142 , 702)
37    (141 , 701)
38    (140 , 700)
39    (139 , 699)
40    (138 , 698)
41    (137 , 697)
42    (136 , 696)
43    (135 , 695)
44    (134 , 694)
45    (133 , 693)
46    (132 , 692)
47    (131 , 691)
48    (130 , 690)
49    (129 , 689)
50    (128 , 688)
51    (127 , 687)
52    (126 , 686)
53    (125 , 685)
54    (124 , 684)
55    (123 , 683)
56    (122 , 682)
57    (121 , 681)
58    (120 , 680)
59    (119 , 679)
60    (118 , 678)
61    (117 , 677)
62    (116 , 676)
63    (115 , 675)
64    (114 , 674)
65    (113 , 673)
66    (112 , 672)
67    (111 , 671)
68    (110 , 670)
69    (109 , 669)
70    (108 , 668)
71    (107 , 667)
72    (106 , 666)
73    (105 , 665)
74    (104 , 664)
75    (103 , 663)
76    (102 , 662)
77    (101 , 661)
78    (100 , 660)
79    ( 99 , 659)
80    ( 98 , 658)
81    ( 97 , 657)
82    ( 96 , 656)
mid pass
2
83
643
135
35
0
0
treeB
treeB else branch
before 80
2 83 643 135 35 0 0 117 677 
after 80
2 127 687 135 35 0 0 161 721 
0     (261 , 821)
1     (260 , 820)
2     (259 , 819)
3     (258 , 818)
4     (257 , 817)
5     (256 , 816)
6     (255 , 815)
7     (254 , 814)
8     (253 , 813)
9     (252 , 812)
10    (251 , 811)
11    (250 , 810)
12    (249 , 809)
13    (248 , 808)
14    (247 , 807)
15    (246 , 806)
16    (245 , 805)
17    (244 , 804)
18    (243 , 803)
19    (242 , 802)
20    (241 , 801)
21    (240 , 800)
22    (239 , 799)
23    (238 , 798)
24    (237 , 797)
25    (236 , 796)
26    (235 , 795)
27    (234 , 794)
28    (233 , 793)
29    (232 , 792)
30    (231 , 791)
31    (230 , 790)
32    (229 , 789)
33    (228 , 788)
34    (227 , 787)
mid pass
1
0
480
135
83
0
0
treeB
treeB else branch
before 80
1 0 480 135 83 0 0 82 562 
after 80
1 -4 476 135 83 0 0 78 558 
0     (178 , 658)
1     (177 , 657)
2     (176 , 656)
3     (175 , 655)
4     (174 , 654)
5     (173 , 653)
6     (172 , 652)
7     (171 , 651)
8     (170 , 650)
9     (169 , 649)
10    (168 , 648)
11    (167 , 647)
12    (166 , 646)
13    (165 , 645)
14    (164 , 644)
15    (163 , 643)
16    (162 , 642)
17    (161 , 641)
18    (160 , 640)
19    (159 , 639)
20    (158 , 638)
21    (157 , 637)
22    (156 , 636)
23    (155 , 635)
24    (154 , 634)
25    (153 , 633)
26    (152 , 632)
27    (151 , 631)
28    (150 , 630)
29    (149 , 629)
30    (148 , 628)
31    (147 , 627)
32    (146 , 626)
33    (145 , 625)
34    (144 , 624)
35    (143 , 623)
36    (142 , 622)
37    (141 , 621)
38    (140 , 620)
39    (139 , 619)
40    (138 , 618)
41    (137 , 617)
42    (136 , 616)
43    (135 , 615)
44    (134 , 614)
45    (133 , 613)
46    (132 , 612)
47    (131 , 611)
48    (130 , 610)
49    (129 , 609)
50    (128 , 608)
51    (127 , 607)
52    (126 , 606)
53    (125 , 605)
54    (124 , 604)
55    (123 , 603)
56    (122 , 602)
57    (121 , 601)
58    (120 , 600)
59    (119 , 599)
60    (118 , 598)
61    (117 , 597)
62    (116 , 596)
63    (115 , 595)
64    (114 , 594)
65    (113 , 593)
66    (112 , 592)
67    (111 , 591)
68    (110 , 590)
69    (109 , 589)
70    (108 , 588)
71    (107 , 587)
72    (106 , 586)
73    (105 , 585)
74    (104 , 584)
75    (103 , 583)
76    (102 , 582)
77    (101 , 581)
78    (100 , 580)
79    ( 99 , 579)
80    ( 98 , 578)
81    ( 97 , 577)
82    ( 96 , 576)
mid pass
2
83
563
135
76
0
0
treeB
treeB else branch
before 80
2 83 563 135 76 0 0 158 638 
after 80
2 86 566 135 76 0 0 161 641 
0     (261 , 741)
1     (260 , 740)
2     (259 , 739)
3     (258 , 738)
4     (257 , 737)
5     (256 , 736)
6     (255 , 735)
7     (254 , 734)
8     (253 , 733)
9     (252 , 732)
10    (251 , 731)
11    (250 , 730)
12    (249 , 729)
13    (248 , 728)
14    (247 , 727)
15    (246 , 726)
16    (245 , 725)
17    (244 , 724)
18    (243 , 723)
19    (242 , 722)
20    (241 , 721)
21    (240 , 720)
22    (239 , 719)
23    (238 , 718)
24    (237 , 717)
25    (236 , 716)
26    (235 , 715)
27    (234 , 714)
28    (233 , 713)
29    (232 , 712)
30    (231 , 711)
31    (230 , 710)
32    (229 , 709)
33    (228 , 708)
34    (227 , 707)
35    (226 , 706)
36    (225 , 705)
37    (224 , 704)
38    (223 , 703)
39    (222 , 702)
40    (221 , 701)
41    (220 , 700)
42    (219 , 699)
43    (218 , 698)
44    (217 , 697)
45    (216 , 696)
46    (215 , 695)
47    (214 , 694)
48    (213 , 693)
49    (212 , 692)
50    (211 , 691)
51    (210 , 690)
52    (209 , 689)
53    (208 , 688)
54    (207 , 687)
55    (206 , 686)
56    (205 , 685)
57    (204 , 684)
58    (203 , 683)
59    (202 , 682)
60    (201 , 681)
61    (200 , 680)
62    (199 , 679)
63    (198 , 678)
64    (197 , 677)
65    (196 , 676)
66    (195 , 675)
67    (194 , 674)
68    (193 , 673)
69    (192 , 672)
70    (191 , 671)
71    (190 , 670)
72    (189 , 669)
73    (188 , 668)
74    (187 , 667)
75    (186 , 666)
mid pass
3
159
639
135
35
0
0
treeB
treeB else branch
before 80
3 159 639 135 35 0 0 193 673 
after 80
3 203 683 135 35 0 0 237 717 
0     (337 , 817)
1     (336 , 816)
2     (335 , 815)
3     (334 , 814)
4     (333 , 813)
5     (332 , 812)
6     (331 , 811)
7     (330 , 810)
8     (329 , 809)
9     (328 , 808)
10    (327 , 807)
11    (326 , 806)
12    (325 , 805)
13    (324 , 804)
14    (323 , 803)
15    (322 , 802)
16    (321 , 801)
17    (320 , 800)
18    (319 , 799)
19    (318 , 798)
20    (317 , 797)
21    (316 , 796)
22    (315 , 795)
23    (314 , 794)
24    (313 , 793)
25    (312 , 792)
26    (311 , 791)
27    (310 , 790)
28    (309 , 789)
29    (308 , 788)
30    (307 , 787)
31    (306 , 786)
32    (305 , 785)
33    (304 , 784)
34    (303 , 783)
mid pass
1
0
400
135
83
0
0
treeB
treeB else branch
before 80
1 0 400 135 83 0 0 82 482 
after 80
1 -4 396 135 83 0 0 78 478 
0     (178 , 578)
1     (177 , 577)
2     (176 , 576)
3     (175 , 575)
4     (174 , 574)
5     (173 , 573)
6     (172 , 572)
7     (171 , 571)
8     (170 , 570)
9     (169 , 569)
10    (168 , 568)
11    (167 , 567)
12    (166 , 566)
13    (165 , 565)
14    (164 , 564)
15    (163 , 563)
16    (162 , 562)
17    (161 , 561)
18    (160 , 560)
19    (159 , 559)
20    (158 , 558)
21    (157 , 557)
22    (156 , 556)
23    (155 , 555)
24    (154 , 554)
25    (153 , 553)
26    (152 , 552)
27    (151 , 551)
28    (150 , 550)
29    (149 , 549)
30    (148 , 548)
31    (147 , 547)
32    (146 , 546)
33    (145 , 545)
34    (144 , 544)
35    (143 , 543)
36    (142 , 542)
37    (141 , 541)
38    (140 , 540)
39    (139 , 539)
40    (138 , 538)
41    (137 , 537)
42    (136 , 536)
43    (135 , 535)
44    (134 , 534)
45    (133 , 533)
46    (132 , 532)
47    (131 , 531)
48    (130 , 530)
49    (129 , 529)
50    (128 , 528)
51    (127 , 527)
52    (126 , 526)
53    (125 , 525)
54    (124 , 524)
55    (123 , 523)
56    (122 , 522)
57    (121 , 521)
58    (120 , 520)
59    (119 , 519)
60    (118 , 518)
61    (117 , 517)
62    (116 , 516)
63    (115 , 515)
64    (114 , 514)
65    (113 , 513)
66    (112 , 512)
67    (111 , 511)
68    (110 , 510)
69    (109 , 509)
70    (108 , 508)
71    (107 , 507)
72    (106 , 506)
73    (105 , 505)
74    (104 , 504)
75    (103 , 503)
76    (102 , 502)
77    (101 , 501)
78    (100 , 500)
79    ( 99 , 499)
80    ( 98 , 498)
81    ( 97 , 497)
82    ( 96 , 496)
mid pass
2
83
483
135
76
0
0
treeB
treeB else branch
before 80
2 83 483 135 76 0 0 158 558 
after 80
2 86 486 135 76 0 0 161 561 
0     (261 , 661)
1     (260 , 660)
2     (259 , 659)
3     (258 , 658)
4     (257 , 657)
5     (256 , 656)
6     (255 , 655)
7     (254 , 654)
8     (253 , 653)
9     (252 , 652)
10    (251 , 651)
11    (250 , 650)
12    (249 , 649)
13    (248 , 648)
14    (247 , 647)
15    (246 , 646)
16    (245 , 645)
17    (244 , 644)
18    (243 , 643)
19    (242 , 642)
20    (241 , 641)
21    (240 , 640)
22    (239 , 639)
23    (238 , 638)
24    (237 , 637)
25    (236 , 636)
26    (235 , 635)
27    (234 , 634)
28    (233 , 633)
29    (232 , 632)
30    (231 , 631)
31    (230 , 630)
32    (229 , 629)
33    (228 , 628)
34    (227 , 627)
35    (226 , 626)
36    (225 , 625)
37    (224 , 624)
38    (223 , 623)
39    (222 , 622)
40    (221 , 621)
41    (220 , 620)
42    (219 , 619)
43    (218 , 618)
44    (217 , 617)
45    (216 , 616)
46    (215 , 615)
47    (214 , 614)
48    (213 , 613)
49    (212 , 612)
50    (211 , 611)
51    (210 , 610)
52    (209 , 609)
53    (208 , 608)
54    (207 , 607)
55    (206 , 606)
56    (205 , 605)
57    (204 , 604)
58    (203 , 603)
59    (202 , 602)
60    (201 , 601)
61    (200 , 600)
62    (199 , 599)
63    (198 , 598)
64    (197 , 597)
65    (196 , 596)
66    (195 , 595)
67    (194 , 594)
68    (193 , 593)
69    (192 , 592)
70    (191 , 591)
71    (190 , 590)
72    (189 , 589)
73    (188 , 588)
74    (187 , 587)
75    (186 , 586)
mid pass
3
159
559
135
76
0
0
treeB
treeB else branch
before 80
3 159 559 135 76 0 0 234 634 
after 80
3 162 562 135 76 0 0 237 637 
0     (337 , 737)
1     (336 , 736)
2     (335 , 735)
3     (334 , 734)
4     (333 , 733)
5     (332 , 732)
6     (331 , 731)
7     (330 , 730)
8     (329 , 729)
9     (328 , 728)
10    (327 , 727)
11    (326 , 726)
12    (325 , 725)
13    (324 , 724)
14    (323 , 723)
15    (322 , 722)
16    (321 , 721)
17    (320 , 720)
18    (319 , 719)
19    (318 , 718)
20    (317 , 717)
21    (316 , 716)
22    (315 , 715)
23    (314 , 714)
24    (313 , 713)
25    (312 , 712)
26    (311 , 711)
27    (310 , 710)
28    (309 , 709)
29    (308 , 708)
30    (307 , 707)
31    (306 , 706)
32    (305 , 705)
33    (304 , 704)
34    (303 , 703)
35    (302 , 702)
36    (301 , 701)
37    (300 , 700)
38    (299 , 699)
39    (298 , 698)
40    (297 , 697)
41    (296 , 696)
42    (295 , 695)
43    (294 , 694)
44    (293 , 693)
45    (292 , 692)
46    (291 , 691)
47    (290 , 690)
48    (289 , 689)
49    (288 , 688)
50    (287 , 687)
51    (286 , 686)
52    (285 , 685)
53    (284 , 684)
54    (283 , 683)
55    (282 , 682)
56    (281 , 681)
57    (280 , 680)
58    (279 , 679)
59    (278 , 678)
60    (277 , 677)
61    (276 , 676)
62    (275 , 675)
63    (274 , 674)
64    (273 , 673)
65    (272 , 672)
66    (271 , 671)
67    (270 , 670)
68    (269 , 669)
69    (268 , 668)
70    (267 , 667)
71    (266 , 666)
72    (265 , 665)
73    (264 , 664)
74    (263 , 663)
75    (262 , 662)
mid pass
4
235
635
135
35
0
0
treeB
treeB else branch
before 80
4 235 635 135 35 0 0 269 669 
after 80
4 279 679 135 35 0 0 313 713 
0     (413 , 813)
1     (412 , 812)
2     (411 , 811)
3     (410 , 810)
4     (409 , 809)
5     (408 , 808)
6     (407 , 807)
7     (406 , 806)
8     (405 , 805)
9     (404 , 804)
10    (403 , 803)
11    (402 , 802)
12    (401 , 801)
13    (400 , 800)
14    (399 , 799)
15    (398 , 798)
16    (397 , 797)
17    (396 , 796)
18    (395 , 795)
19    (394 , 794)
20    (393 , 793)
21    (392 , 792)
22    (391 , 791)
23    (390 , 790)
24    (389 , 789)
25    (388 , 788)
26    (387 , 787)
27    (386 , 786)
28    (385 , 785)
29    (384 , 784)
30    (383 , 783)
31    (382 , 782)
32    (381 , 781)
33    (380 , 780)
34    (379 , 779)
mid pass
1
0
320
135
83
0
0
treeB
treeB else branch
before 80
1 0 320 135 83 0 0 82 402 
after 80
1 -4 316 135 83 0 0 78 398 
0     (178 , 498)
1     (177 , 497)
2     (176 , 496)
3     (175 , 495)
4     (174 , 494)
5     (173 , 493)
6     (172 , 492)
7     (171 , 491)
8     (170 , 490)
9     (169 , 489)
10    (168 , 488)
11    (167 , 487)
12    (166 , 486)
13    (165 , 485)
14    (164 , 484)
15    (163 , 483)
16    (162 , 482)
17    (161 , 481)
18    (160 , 480)
19    (159 , 479)
20    (158 , 478)
21    (157 , 477)
22    (156 , 476)
23    (155 , 475)
24    (154 , 474)
25    (153 , 473)
26    (152 , 472)
27    (151 , 471)
28    (150 , 470)
29    (149 , 469)
30    (148 , 468)
31    (147 , 467)
32    (146 , 466)
33    (145 , 465)
34    (144 , 464)
35    (143 , 463)
36    (142 , 462)
37    (141 , 461)
38    (140 , 460)
39    (139 , 459)
40    (138 , 458)
41    (137 , 457)
42    (136 , 456)
43    (135 , 455)
44    (134 , 454)
45    (133 , 453)
46    (132 , 452)
47    (131 , 451)
48    (130 , 450)
49    (129 , 449)
50    (128 , 448)
51    (127 , 447)
52    (126 , 446)
53    (125 , 445)
54    (124 , 444)
55    (123 , 443)
56    (122 , 442)
57    (121 , 441)
58    (120 , 440)
59    (119 , 439)
60    (118 , 438)
61    (117 , 437)
62    (116 , 436)
63    (115 , 435)
64    (114 , 434)
65    (113 , 433)
66    (112 , 432)
67    (111 , 431)
68    (110 , 430)
69    (109 , 429)
70    (108 , 428)
71    (107 , 427)
72    (106 , 426)
73    (105 , 425)
74    (104 , 424)
75    (103 , 423)
76    (102 , 422)
77    (101 , 421)
78    (100 , 420)
79    ( 99 , 419)
80    ( 98 , 418)
81    ( 97 , 417)
82    ( 96 , 416)
mid pass
2
83
403
135
76
0
0
treeB
treeB else branch
before 80
2 83 403 135 76 0 0 158 478 
after 80
2 86 406 135 76 0 0 161 481 
0     (261 , 581)
1     (260 , 580)
2     (259 , 579)
3     (258 , 578)
4     (257 , 577)
5     (256 , 576)
6     (255 , 575)
7     (254 , 574)
8     (253 , 573)
9     (252 , 572)
10    (251 , 571)
11    (250 , 570)
12    (249 , 569)
13    (248 , 568)
14    (247 , 567)
15    (246 , 566)
16    (245 , 565)
17    (244 , 564)
18    (243 , 563)
19    (242 , 562)
20    (241 , 561)
21    (240 , 560)
22    (239 , 559)
23    (238 , 558)
24    (237 , 557)
25    (236 , 556)
26    (235 , 555)
27    (234 , 554)
28    (233 , 553)
29    (232 , 552)
30    (231 , 551)
31    (230 , 550)
32    (229 , 549)
33    (228 , 548)
34    (227 , 547)
35    (226 , 546)
36    (225 , 545)
37    (224 , 544)
38    (223 , 543)
39    (222 , 542)
40    (221 , 541)
41    (220 , 540)
42    (219 , 539)
43    (218 , 538)
44    (217 , 537)
45    (216 , 536)
46    (215 , 535)
47    (214 , 534)
48    (213 , 533)
49    (212 , 532)
50    (211 , 531)
51    (210 , 530)
52    (209 , 529)
53    (208 , 528)
54    (207 , 527)
55    (206 , 526)
56    (205 , 525)
57    (204 , 524)
58    (203 , 523)
59    (202 , 522)
60    (201 , 521)
61    (200 , 520)
62    (199 , 519)
63    (198 , 518)
64    (197 , 517)
65    (196 , 516)
66    (195 , 515)
67    (194 , 514)
68    (193 , 513)
69    (192 , 512)
70    (191 , 511)
71    (190 , 510)
72    (189 , 509)
73    (188 , 508)
74    (187 , 507)
75    (186 , 506)
mid pass
3
159
479
135
76
0
0
treeB
treeB else branch
before 80
3 159 479 135 76 0 0 234 554 
after 80
3 162 482 135 76 0 0 237 557 
0     (337 , 657)
1     (336 , 656)
2     (335 , 655)
3     (334 , 654)
4     (333 , 653)
5     (332 , 652)
6     (331 , 651)
7     (330 , 650)
8     (329 , 649)
9     (328 , 648)
10    (327 , 647)
11    (326 , 646)
12    (325 , 645)
13    (324 , 644)
14    (323 , 643)
15    (322 , 642)
16    (321 , 641)
17    (320 , 640)
18    (319 , 639)
19    (318 , 638)
20    (317 , 637)
21    (316 , 636)
22    (315 , 635)
23    (314 , 634)
24    (313 , 633)
25    (312 , 632)
26    (311 , 631)
27    (310 , 630)
28    (309 , 629)
29    (308 , 628)
30    (307 , 627)
31    (306 , 626)
32    (305 , 625)
33    (304 , 624)
34    (303 , 623)
35    (302 , 622)
36    (301 , 621)
37    (300 , 620)
38    (299 , 619)
39    (298 , 618)
40    (297 , 617)
41    (296 , 616)
42    (295 , 615)
43    (294 , 614)
44    (293 , 613)
45    (292 , 612)
46    (291 , 611)
47    (290 , 610)
48    (289 , 609)
49    (288 , 608)
50    (287 , 607)
51    (286 , 606)
52    (285 , 605)
53    (284 , 604)
54    (283 , 603)
55    (282 , 602)
56    (281 , 601)
57    (280 , 600)
58    (279 , 599)
59    (278 , 598)
60    (277 , 597)
61    (276 , 596)
62    (275 , 595)
63    (274 , 594)
64    (273 , 593)
65    (272 , 592)
66    (271 , 591)
67    (270 , 590)
68    (269 , 589)
69    (268 , 588)
70    (267 , 587)
71    (266 , 586)
72    (265 , 585)
73    (264 , 584)
74    (263 , 583)
75    (262 , 582)
mid pass
4
235
555
135
76
0
0
treeB
treeB else branch
before 80
4 235 555 135 76 0 0 310 630 
after 80
4 238 558 135 76 0 0 313 633 
0     (413 , 733)
1     (412 , 732)
2     (411 , 731)
3     (410 , 730)
4     (409 , 729)
5     (408 , 728)
6     (407 , 727)
7     (406 , 726)
8     (405 , 725)
9     (404 , 724)
10    (403 , 723)
11    (402 , 722)
12    (401 , 721)
13    (400 , 720)
14    (399 , 719)
15    (398 , 718)
16    (397 , 717)
17    (396 , 716)
18    (395 , 715)
19    (394 , 714)
20    (393 , 713)
21    (392 , 712)
22    (391 , 711)
23    (390 , 710)
24    (389 , 709)
25    (388 , 708)
26    (387 , 707)
27    (386 , 706)
28    (385 , 705)
29    (384 , 704)
30    (383 , 703)
31    (382 , 702)
32    (381 , 701)
33    (380 , 700)
34    (379 , 699)
35    (378 , 698)
36    (377 , 697)
37    (376 , 696)
38    (375 , 695)
39    (374 , 694)
40    (373 , 693)
41    (372 , 692)
42    (371 , 691)
43    (370 , 690)
44    (369 , 689)
45    (368 , 688)
46    (367 , 687)
47    (366 , 686)
48    (365 , 685)
49    (364 , 684)
50    (363 , 683)
51    (362 , 682)
52    (361 , 681)
53    (360 , 680)
54    (359 , 679)
55    (358 , 678)
56    (357 , 677)
57    (356 , 676)
58    (355 , 675)
59    (354 , 674)
60    (353 , 673)
61    (352 , 672)
62    (351 , 671)
63    (350 , 670)
64    (349 , 669)
65    (348 , 668)
66    (347 , 667)
67    (346 , 666)
68    (345 , 665)
69    (344 , 664)
70    (343 , 663)
71    (342 , 662)
72    (341 , 661)
73    (340 , 660)
74    (339 , 659)
75    (338 , 658)
mid pass
5
311
631
135
35
0
0
treeB
treeB else branch
before 80
5 311 631 135 35 0 0 345 665 
after 80
5 355 675 135 35 0 0 389 709 
0     (489 , 809)
1     (488 , 808)
2     (487 , 807)
3     (486 , 806)
4     (485 , 805)
5     (484 , 804)
6     (483 , 803)
7     (482 , 802)
8     (481 , 801)
9     (480 , 800)
10    (479 , 799)
11    (478 , 798)
12    (477 , 797)
13    (476 , 796)
14    (475 , 795)
15    (474 , 794)
16    (473 , 793)
17    (472 , 792)
18    (471 , 791)
19    (470 , 790)
20    (469 , 789)
21    (468 , 788)
22    (467 , 787)
23    (466 , 786)
24    (465 , 785)
25    (464 , 784)
26    (463 , 783)
27    (462 , 782)
28    (461 , 781)
29    (460 , 780)
30    (459 , 779)
31    (458 , 778)
32    (457 , 777)
33    (456 , 776)
34    (455 , 775)
mid pass
1
0
240
135
83
0
0
treeB
treeB else branch
before 80
1 0 240 135 83 0 0 82 322 
after 80
1 -4 236 135 83 0 0 78 318 
0     (178 , 418)
1     (177 , 417)
2     (176 , 416)
3     (175 , 415)
4     (174 , 414)
5     (173 , 413)
6     (172 , 412)
7     (171 , 411)
8     (170 , 410)
9     (169 , 409)
10    (168 , 408)
11    (167 , 407)
12    (166 , 406)
13    (165 , 405)
14    (164 , 404)
15    (163 , 403)
16    (162 , 402)
17    (161 , 401)
18    (160 , 400)
19    (159 , 399)
20    (158 , 398)
21    (157 , 397)
22    (156 , 396)
23    (155 , 395)
24    (154 , 394)
25    (153 , 393)
26    (152 , 392)
27    (151 , 391)
28    (150 , 390)
29    (149 , 389)
30    (148 , 388)
31    (147 , 387)
32    (146 , 386)
33    (145 , 385)
34    (144 , 384)
35    (143 , 383)
36    (142 , 382)
37    (141 , 381)
38    (140 , 380)
39    (139 , 379)
40    (138 , 378)
41    (137 , 377)
42    (136 , 376)
43    (135 , 375)
44    (134 , 374)
45    (133 , 373)
46    (132 , 372)
47    (131 , 371)
48    (130 , 370)
49    (129 , 369)
50    (128 , 368)
51    (127 , 367)
52    (126 , 366)
53    (125 , 365)
54    (124 , 364)
55    (123 , 363)
56    (122 , 362)
57    (121 , 361)
58    (120 , 360)
59    (119 , 359)
60    (118 , 358)
61    (117 , 357)
62    (116 , 356)
63    (115 , 355)
64    (114 , 354)
65    (113 , 353)
66    (112 , 352)
67    (111 , 351)
68    (110 , 350)
69    (109 , 349)
70    (108 , 348)
71    (107 , 347)
72    (106 , 346)
73    (105 , 345)
74    (104 , 344)
75    (103 , 343)
76    (102 , 342)
77    (101 , 341)
78    (100 , 340)
79    ( 99 , 339)
80    ( 98 , 338)
81    ( 97 , 337)
82    ( 96 , 336)
mid pass
2
83
323
135
76
0
0
treeB
treeB else branch
before 80
2 83 323 135 76 0 0 158 398 
after 80
2 86 326 135 76 0 0 161 401 
0     (261 , 501)
1     (260 , 500)
2     (259 , 499)
3     (258 , 498)
4     (257 , 497)
5     (256 , 496)
6     (255 , 495)
7     (254 , 494)
8     (253 , 493)
9     (252 , 492)
10    (251 , 491)
11    (250 , 490)
12    (249 , 489)
13    (248 , 488)
14    (247 , 487)
15    (246 , 486)
16    (245 , 485)
17    (244 , 484)
18    (243 , 483)
19    (242 , 482)
20    (241 , 481)
21    (240 , 480)
22    (239 , 479)
23    (238 , 478)
24    (237 , 477)
25    (236 , 476)
26    (235 , 475)
27    (234 , 474)
28    (233 , 473)
29    (232 , 472)
30    (231 , 471)
31    (230 , 470)
32    (229 , 469)
33    (228 , 468)
34    (227 , 467)
35    (226 , 466)
36    (225 , 465)
37    (224 , 464)
38    (223 , 463)
39    (222 , 462)
40    (221 , 461)
41    (220 , 460)
42    (219 , 459)
43    (218 , 458)
44    (217 , 457)
45    (216 , 456)
46    (215 , 455)
47    (214 , 454)
48    (213 , 453)
49    (212 , 452)
50    (211 , 451)
51    (210 , 450)
52    (209 , 449)
53    (208 , 448)
54    (207 , 447)
55    (206 , 446)
56    (205 , 445)
57    (204 , 444)
58    (203 , 443)
59    (202 , 442)
60    (201 , 441)
61    (200 , 440)
62    (199 , 439)
63    (198 , 438)
64    (197 , 437)
65    (196 , 436)
66    (195 , 435)
67    (194 , 434)
68    (193 , 433)
69    (192 , 432)
70    (191 , 431)
71    (190 , 430)
72    (189 , 429)
73    (188 , 428)
74    (187 , 427)
75    (186 , 426)
mid pass
3
159
399
135
76
0
0
treeB
treeB else branch
before 80
3 159 399 135 76 0 0 234 474 
after 80
3 162 402 135 76 0 0 237 477 
0     (337 , 577)
1     (336 , 576)
2     (335 , 575)
3     (334 , 574)
4     (333 , 573)
5     (332 , 572)
6     (331 , 571)
7     (330 , 570)
8     (329 , 569)
9     (328 , 568)
10    (327 , 567)
11    (326 , 566)
12    (325 , 565)
13    (324 , 564)
14    (323 , 563)
15    (322 , 562)
16    (321 , 561)
17    (320 , 560)
18    (319 , 559)
19    (318 , 558)
20    (317 , 557)
21    (316 , 556)
22    (315 , 555)
23    (314 , 554)
24    (313 , 553)
25    (312 , 552)
26    (311 , 551)
27    (310 , 550)
28    (309 , 549)
29    (308 , 548)
30    (307 , 547)
31    (306 , 546)
32    (305 , 545)
33    (304 , 544)
34    (303 , 543)
35    (302 , 542)
36    (301 , 541)
37    (300 , 540)
38    (299 , 539)
39    (298 , 538)
40    (297 , 537)
41    (296 , 536)
42    (295 , 535)
43    (294 , 534)
44    (293 , 533)
45    (292 , 532)
46    (291 , 531)
47    (290 , 530)
48    (289 , 529)
49    (288 , 528)
50    (287 , 527)
51    (286 , 526)
52    (285 , 525)
53    (284 , 524)
54    (283 , 523)
55    (282 , 522)
56    (281 , 521)
57    (280 , 520)
58    (279 , 519)
59    (278 , 518)
60    (277 , 517)
61    (276 , 516)
62    (275 , 515)
63    (274 , 514)
64    (273 , 513)
65    (272 , 512)
66    (271 , 511)
67    (270 , 510)
68    (269 , 509)
69    (268 , 508)
70    (267 , 507)
71    (266 , 506)
72    (265 , 505)
73    (264 , 504)
74    (263 , 503)
75    (262 , 502)
mid pass
4
235
475
135
76
0
0
treeB
treeB else branch
before 80
4 235 475 135 76 0 0 310 550 
after 80
4 238 478 135 76 0 0 313 553 
0     (413 , 653)
1     (412 , 652)
2     (411 , 651)
3     (410 , 650)
4     (409 , 649)
5     (408 , 648)
6     (407 , 647)
7     (406 , 646)
8     (405 , 645)
9     (404 , 644)
10    (403 , 643)
11    (402 , 642)
12    (401 , 641)
13    (400 , 640)
14    (399 , 639)
15    (398 , 638)
16    (397 , 637)
17    (396 , 636)
18    (395 , 635)
19    (394 , 634)
20    (393 , 633)
21    (392 , 632)
22    (391 , 631)
23    (390 , 630)
24    (389 , 629)
25    (388 , 628)
26    (387 , 627)
27    (386 , 626)
28    (385 , 625)
29    (384 , 624)
30    (383 , 623)
31    (382 , 622)
32    (381 , 621)
33    (380 , 620)
34    (379 , 619)
35    (378 , 618)
36    (377 , 617)
37    (376 , 616)
38    (375 , 615)
39    (374 , 614)
40    (373 , 613)
41    (372 , 612)
42    (371 , 611)
43    (370 , 610)
44    (369 , 609)
45    (368 , 608)
46    (367 , 607)
47    (366 , 606)
48    (365 , 605)
49    (364 , 604)
50    (363 , 603)
51    (362 , 602)
52    (361 , 601)
53    (360 , 600)
54    (359 , 599)
55    (358 , 598)
56    (357 , 597)
57    (356 , 596)
58    (355 , 595)
59    (354 , 594)
60    (353 , 593)
61    (352 , 592)
62    (351 , 591)
63    (350 , 590)
64    (349 , 589)
65    (348 , 588)
66    (347 , 587)
67    (346 , 586)
68    (345 , 585)
69    (344 , 584)
70    (343 , 583)
71    (342 , 582)
72    (341 , 581)
73    (340 , 580)
74    (339 , 579)
75    (338 , 578)
mid pass
5
311
551
135
76
0
0
treeB
treeB else branch
before 80
5 311 551 135 76 0 0 386 626 
after 80
5 314 554 135 76 0 0 389 629 
0     (489 , 729)
1     (488 , 728)
2     (487 , 727)
3     (486 , 726)
4     (485 , 725)
5     (484 , 724)
6     (483 , 723)
7     (482 , 722)
8     (481 , 721)
9     (480 , 720)
10    (479 , 719)
11    (478 , 718)
12    (477 , 717)
13    (476 , 716)
14    (475 , 715)
15    (474 , 714)
16    (473 , 713)
17    (472 , 712)
18    (471 , 711)
19    (470 , 710)
20    (469 , 709)
21    (468 , 708)
22    (467 , 707)
23    (466 , 706)
24    (465 , 705)
25    (464 , 704)
26    (463 , 703)
27    (462 , 702)
28    (461 , 701)
29    (460 , 700)
30    (459 , 699)
31    (458 , 698)
32    (457 , 697)
33    (456 , 696)
34    (455 , 695)
35    (454 , 694)
36    (453 , 693)
37    (452 , 692)
38    (451 , 691)
39    (450 , 690)
40    (449 , 689)
41    (448 , 688)
42    (447 , 687)
43    (446 , 686)
44    (445 , 685)
45    (444 , 684)
46    (443 , 683)
47    (442 , 682)
48    (441 , 681)
49    (440 , 680)
50    (439 , 679)
51    (438 , 678)
52    (437 , 677)
53    (436 , 676)
54    (435 , 675)
55    (434 , 674)
56    (433 , 673)
57    (432 , 672)
58    (431 , 671)
59    (430 , 670)
60    (429 , 669)
61    (428 , 668)
62    (427 , 667)
63    (426 , 666)
64    (425 , 665)
65    (424 , 664)
66    (423 , 663)
67    (422 , 662)
68    (421 , 661)
69    (420 , 660)
70    (419 , 659)
71    (418 , 658)
72    (417 , 657)
73    (416 , 656)
74    (415 , 655)
75    (414 , 654)
mid pass
6
387
627
135
35
0
0
treeB
treeB else branch
before 80
6 387 627 135 35 0 0 421 661 
after 80
6 431 671 135 35 0 0 465 705 
0     (565 , 805)
1     (564 , 804)
2     (563 , 803)
3     (562 , 802)
4     (561 , 801)
5     (560 , 800)
6     (559 , 799)
7     (558 , 798)
8     (557 , 797)
9     (556 , 796)
10    (555 , 795)
11    (554 , 794)
12    (553 , 793)
13    (552 , 792)
14    (551 , 791)
15    (550 , 790)
16    (549 , 789)
17    (548 , 788)
18    (547 , 787)
19    (546 , 786)
20    (545 , 785)
21    (544 , 784)
22    (543 , 783)
23    (542 , 782)
24    (541 , 781)
25    (540 , 780)
26    (539 , 779)
27    (538 , 778)
28    (537 , 777)
29    (536 , 776)
30    (535 , 775)
31    (534 , 774)
32    (533 , 773)
33    (532 , 772)
34    (531 , 771)
mid pass
1
0
160
135
83
0
0
treeB
treeB else branch
before 80
1 0 160 135 83 0 0 82 242 
after 80
1 -4 156 135 83 0 0 78 238 
0     (178 , 338)
1     (177 , 337)
2     (176 , 336)
3     (175 , 335)
4     (174 , 334)
5     (173 , 333)
6     (172 , 332)
7     (171 , 331)
8     (170 , 330)
9     (169 , 329)
10    (168 , 328)
11    (167 , 327)
12    (166 , 326)
13    (165 , 325)
14    (164 , 324)
15    (163 , 323)
16    (162 , 322)
17    (161 , 321)
18    (160 , 320)
19    (159 , 319)
20    (158 , 318)
21    (157 , 317)
22    (156 , 316)
23    (155 , 315)
24    (154 , 314)
25    (153 , 313)
26    (152 , 312)
27    (151 , 311)
28    (150 , 310)
29    (149 , 309)
30    (148 , 308)
31    (147 , 307)
32    (146 , 306)
33    (145 , 305)
34    (144 , 304)
35    (143 , 303)
36    (142 , 302)
37    (141 , 301)
38    (140 , 300)
39    (139 , 299)
40    (138 , 298)
41    (137 , 297)
42    (136 , 296)
43    (135 , 295)
44    (134 , 294)
45    (133 , 293)
46    (132 , 292)
47    (131 , 291)
48    (130 , 290)
49    (129 , 289)
50    (128 , 288)
51    (127 , 287)
52    (126 , 286)
53    (125 , 285)
54    (124 , 284)
55    (123 , 283)
56    (122 , 282)
57    (121 , 281)
58    (120 , 280)
59    (119 , 279)
60    (118 , 278)
61    (117 , 277)
62    (116 , 276)
63    (115 , 275)
64    (114 , 274)
65    (113 , 273)
66    (112 , 272)
67    (111 , 271)
68    (110 , 270)
69    (109 , 269)
70    (108 , 268)
71    (107 , 267)
72    (106 , 266)
73    (105 , 265)
74    (104 , 264)
75    (103 , 263)
76    (102 , 262)
77    (101 , 261)
78    (100 , 260)
79    ( 99 , 259)
80    ( 98 , 258)
81    ( 97 , 257)
82    ( 96 , 256)
mid pass
2
83
243
135
76
0
0
treeB
treeB else branch
before 80
2 83 243 135 76 0 0 158 318 
after 80
2 86 246 135 76 0 0 161 321 
0     (261 , 421)
1     (260 , 420)
2     (259 , 419)
3     (258 , 418)
4     (257 , 417)
5     (256 , 416)
6     (255 , 415)
7     (254 , 414)
8     (253 , 413)
9     (252 , 412)
10    (251 , 411)
11    (250 , 410)
12    (249 , 409)
13    (248 , 408)
14    (247 , 407)
15    (246 , 406)
16    (245 , 405)
17    (244 , 404)
18    (243 , 403)
19    (242 , 402)
20    (241 , 401)
21    (240 , 400)
22    (239 , 399)
23    (238 , 398)
24    (237 , 397)
25    (236 , 396)
26    (235 , 395)
27    (234 , 394)
28    (233 , 393)
29    (232 , 392)
30    (231 , 391)
31    (230 , 390)
32    (229 , 389)
33    (228 , 388)
34    (227 , 387)
35    (226 , 386)
36    (225 , 385)
37    (224 , 384)
38    (223 , 383)
39    (222 , 382)
40    (221 , 381)
41    (220 , 380)
42    (219 , 379)
43    (218 , 378)
44    (217 , 377)
45    (216 , 376)
46    (215 , 375)
47    (214 , 374)
48    (213 , 373)
49    (212 , 372)
50    (211 , 371)
51    (210 , 370)
52    (209 , 369)
53    (208 , 368)
54    (207 , 367)
55    (206 , 366)
56    (205 , 365)
57    (204 , 364)
58    (203 , 363)
59    (202 , 362)
60    (201 , 361)
61    (200 , 360)
62    (199 , 359)
63    (198 , 358)
64    (197 , 357)
65    (196 , 356)
66    (195 , 355)
67    (194 , 354)
68    (193 , 353)
69    (192 , 352)
70    (191 , 351)
71    (190 , 350)
72    (189 , 349)
73    (188 , 348)
74    (187 , 347)
75    (186 , 346)
mid pass
3
159
319
135
76
0
0
treeB
treeB else branch
before 80
3 159 319 135 76 0 0 234 394 
after 80
3 162 322 135 76 0 0 237 397 
0     (337 , 497)
1     (336 , 496)
2     (335 , 495)
3     (334 , 494)
4     (333 , 493)
5     (332 , 492)
6     (331 , 491)
7     (330 , 490)
8     (329 , 489)
9     (328 , 488)
10    (327 , 487)
11    (326 , 486)
12    (325 , 485)
13    (324 , 484)
14    (323 , 483)
15    (322 , 482)
16    (321 , 481)
17    (320 , 480)
18    (319 , 479)
19    (318 , 478)
20    (317 , 477)
21    (316 , 476)
22    (315 , 475)
23    (314 , 474)
24    (313 , 473)
25    (312 , 472)
26    (311 , 471)
27    (310 , 470)
28    (309 , 469)
29    (308 , 468)
30    (307 , 467)
31    (306 , 466)
32    (305 , 465)
33    (304 , 464)
34    (303 , 463)
35    (302 , 462)
36    (301 , 461)
37    (300 , 460)
38    (299 , 459)
39    (298 , 458)
40    (297 , 457)
41    (296 , 456)
42    (295 , 455)
43    (294 , 454)
44    (293 , 453)
45    (292 , 452)
46    (291 , 451)
47    (290 , 450)
48    (289 , 449)
49    (288 , 448)
50    (287 , 447)
51    (286 , 446)
52    (285 , 445)
53    (284 , 444)
54    (283 , 443)
55    (282 , 442)
56    (281 , 441)
57    (280 , 440)
58    (279 , 439)
59    (278 , 438)
60    (277 , 437)
61    (276 , 436)
62    (275 , 435)
63    (274 , 434)
64    (273 , 433)
65    (272 , 432)
66    (271 , 431)
67    (270 , 430)
68    (269 , 429)
69    (268 , 428)
70    (267 , 427)
71    (266 , 426)
72    (265 , 425)
73    (264 , 424)
74    (263 , 423)
75    (262 , 422)
mid pass
4
235
395
135
76
0
0
treeB
treeB else branch
before 80
4 235 395 135 76 0 0 310 470 
after 80
4 238 398 135 76 0 0 313 473 
0     (413 , 573)
1     (412 , 572)
2     (411 , 571)
3     (410 , 570)
4     (409 , 569)
5     (408 , 568)
6     (407 , 567)
7     (406 , 566)
8     (405 , 565)
9     (404 , 564)
10    (403 , 563)
11    (402 , 562)
12    (401 , 561)
13    (400 , 560)
14    (399 , 559)
15    (398 , 558)
16    (397 , 557)
17    (396 , 556)
18    (395 , 555)
19    (394 , 554)
20    (393 , 553)
21    (392 , 552)
22    (391 , 551)
23    (390 , 550)
24    (389 , 549)
25    (388 , 548)
26    (387 , 547)
27    (386 , 546)
28    (385 , 545)
29    (384 , 544)
30    (383 , 543)
31    (382 , 542)
32    (381 , 541)
33    (380 , 540)
34    (379 , 539)
35    (378 , 538)
36    (377 , 537)
37    (376 , 536)
38    (375 , 535)
39    (374 , 534)
40    (373 , 533)
41    (372 , 532)
42    (371 , 531)
43    (370 , 530)
44    (369 , 529)
45    (368 , 528)
46    (367 , 527)
47    (366 , 526)
48    (365 , 525)
49    (364 , 524)
50    (363 , 523)
51    (362 , 522)
52    (361 , 521)
53    (360 , 520)
54    (359 , 519)
55    (358 , 518)
56    (357 , 517)
57    (356 , 516)
58    (355 , 515)
59    (354 , 514)
60    (353 , 513)
61    (352 , 512)
62    (351 , 511)
63    (350 , 510)
64    (349 , 509)
65    (348 , 508)
66    (347 , 507)
67    (346 , 506)
68    (345 , 505)
69    (344 , 504)
70    (343 , 503)
71    (342 , 502)
72    (341 , 501)
73    (340 , 500)
74    (339 , 499)
75    (338 , 498)
mid pass
5
311
471
135
76
0
0
treeB
treeB else branch
before 80
5 311 471 135 76 0 0 386 546 
after 80
5 314 474 135 76 0 0 389 549 
0     (489 , 649)
1     (488 , 648)
2     (487 , 647)
3     (486 , 646)
4     (485 , 645)
5     (484 , 644)
6     (483 , 643)
7     (482 , 642)
8     (481 , 641)
9     (480 , 640)
10    (479 , 639)
11    (478 , 638)
12    (477 , 637)
13    (476 , 636)
14    (475 , 635)
15    (474 , 634)
16    (473 , 633)
17    (472 , 632)
18    (471 , 631)
19    (470 , 630)
20    (469 , 629)
21    (468 , 628)
22    (467 , 627)
23    (466 , 626)
24    (465 , 625)
25    (464 , 624)
26    (463 , 623)
27    (462 , 622)
28    (461 , 621)
29    (460 , 620)
30    (459 , 619)
31    (458 , 618)
32    (457 , 617)
33    (456 , 616)
34    (455 , 615)
35    (454 , 614)
36    (453 , 613)
37    (452 , 612)
38    (451 , 611)
39    (450 , 610)
40    (449 , 609)
41    (448 , 608)
42    (447 , 607)
43    (446 , 606)
44    (445 , 605)
45    (444 , 604)
46    (443 , 603)
47    (442 , 602)
48    (441 , 601)
49    (440 , 600)
50    (439 , 599)
51    (438 , 598)
52    (437 , 597)
53    (436 , 596)
54    (435 , 595)
55    (434 , 594)
56    (433 , 593)
57    (432 , 592)
58    (431 , 591)
59    (430 , 590)
60    (429 , 589)
61    (428 , 588)
62    (427 , 587)
63    (426 , 586)
64    (425 , 585)
65    (424 , 584)
66    (423 , 583)
67    (422 , 582)
68    (421 , 581)
69    (420 , 580)
70    (419 , 579)
71    (418 , 578)
72    (417 , 577)
73    (416 , 576)
74    (415 , 575)
75    (414 , 574)
mid pass
6
387
547
135
76
0
0
treeB
treeB else branch
before 80
6 387 547 135 76 0 0 462 622 
after 80
6 390 550 135 76 0 0 465 625 
0     (565 , 725)
1     (564 , 724)
2     (563 , 723)
3     (562 , 722)
4     (561 , 721)
5     (560 , 720)
6     (559 , 719)
7     (558 , 718)
8     (557 , 717)
9     (556 , 716)
10    (555 , 715)
11    (554 , 714)
12    (553 , 713)
13    (552 , 712)
14    (551 , 711)
15    (550 , 710)
16    (549 , 709)
17    (548 , 708)
18    (547 , 707)
19    (546 , 706)
20    (545 , 705)
21    (544 , 704)
22    (543 , 703)
23    (542 , 702)
24    (541 , 701)
25    (540 , 700)
26    (539 , 699)
27    (538 , 698)
28    (537 , 697)
29    (536 , 696)
30    (535 , 695)
31    (534 , 694)
32    (533 , 693)
33    (532 , 692)
34    (531 , 691)
35    (530 , 690)
36    (529 , 689)
37    (528 , 688)
38    (527 , 687)
39    (526 , 686)
40    (525 , 685)
41    (524 , 684)
42    (523 , 683)
43    (522 , 682)
44    (521 , 681)
45    (520 , 680)
46    (519 , 679)
47    (518 , 678)
48    (517 , 677)
49    (516 , 676)
50    (515 , 675)
51    (514 , 674)
52    (513 , 673)
53    (512 , 672)
54    (511 , 671)
55    (510 , 670)
56    (509 , 669)
57    (508 , 668)
58    (507 , 667)
59    (506 , 666)
60    (505 , 665)
61    (504 , 664)
62    (503 , 663)
63    (502 , 662)
64    (501 , 661)
65    (500 , 660)
66    (499 , 659)
67    (498 , 658)
68    (497 , 657)
69    (496 , 656)
70    (495 , 655)
71    (494 , 654)
72    (493 , 653)
73    (492 , 652)
74    (491 , 651)
75    (490 , 650)
mid pass
7
463
623
135
35
0
0
treeB
treeB else branch
before 80
7 463 623 135 35 0 0 497 657 
after 80
7 507 667 135 35 0 0 541 701 
0     (641 , 801)
1     (640 , 800)
2     (639 , 799)
3     (638 , 798)
4     (637 , 797)
5     (636 , 796)
6     (635 , 795)
7     (634 , 794)
8     (633 , 793)
9     (632 , 792)
10    (631 , 791)
11    (630 , 790)
12    (629 , 789)
13    (628 , 788)
14    (627 , 787)
15    (626 , 786)
16    (625 , 785)
17    (624 , 784)
18    (623 , 783)
19    (622 , 782)
20    (621 , 781)
21    (620 , 780)
22    (619 , 779)
23    (618 , 778)
24    (617 , 777)
25    (616 , 776)
26    (615 , 775)
27    (614 , 774)
28    (613 , 773)
29    (612 , 772)
30    (611 , 771)
31    (610 , 770)
32    (609 , 769)
33    (608 , 768)
34    (607 , 767)
mid pass
1
0
80
135
83
0
0
treeB
treeB else branch
before 80
1 0 80 135 83 0 0 82 162 
after 80
1 -4 76 135 83 0 0 78 158 
0     (178 , 258)
1     (177 , 257)
2     (176 , 256)
3     (175 , 255)
4     (174 , 254)
5     (173 , 253)
6     (172 , 252)
7     (171 , 251)
8     (170 , 250)
9     (169 , 249)
10    (168 , 248)
11    (167 , 247)
12    (166 , 246)
13    (165 , 245)
14    (164 , 244)
15    (163 , 243)
16    (162 , 242)
17    (161 , 241)
18    (160 , 240)
19    (159 , 239)
20    (158 , 238)
21    (157 , 237)
22    (156 , 236)
23    (155 , 235)
24    (154 , 234)
25    (153 , 233)
26    (152 , 232)
27    (151 , 231)
28    (150 , 230)
29    (149 , 229)
30    (148 , 228)
31    (147 , 227)
32    (146 , 226)
33    (145 , 225)
34    (144 , 224)
35    (143 , 223)
36    (142 , 222)
37    (141 , 221)
38    (140 , 220)
39    (139 , 219)
40    (138 , 218)
41    (137 , 217)
42    (136 , 216)
43    (135 , 215)
44    (134 , 214)
45    (133 , 213)
46    (132 , 212)
47    (131 , 211)
48    (130 , 210)
49    (129 , 209)
50    (128 , 208)
51    (127 , 207)
52    (126 , 206)
53    (125 , 205)
54    (124 , 204)
55    (123 , 203)
56    (122 , 202)
57    (121 , 201)
58    (120 , 200)
59    (119 , 199)
60    (118 , 198)
61    (117 , 197)
62    (116 , 196)
63    (115 , 195)
64    (114 , 194)
65    (113 , 193)
66    (112 , 192)
67    (111 , 191)
68    (110 , 190)
69    (109 , 189)
70    (108 , 188)
71    (107 , 187)
72    (106 , 186)
73    (105 , 185)
74    (104 , 184)
75    (103 , 183)
76    (102 , 182)
77    (101 , 181)
78    (100 , 180)
79    ( 99 , 179)
80    ( 98 , 178)
81    ( 97 , 177)
82    ( 96 , 176)
mid pass
2
83
163
135
76
0
0
treeB
treeB else branch
before 80
2 83 163 135 76 0 0 158 238 
after 80
2 86 166 135 76 0 0 161 241 
0     (261 , 341)
1     (260 , 340)
2     (259 , 339)
3     (258 , 338)
4     (257 , 337)
5     (256 , 336)
6     (255 , 335)
7     (254 , 334)
8     (253 , 333)
9     (252 , 332)
10    (251 , 331)
11    (250 , 330)
12    (249 , 329)
13    (248 , 328)
14    (247 , 327)
15    (246 , 326)
16    (245 , 325)
17    (244 , 324)
18    (243 , 323)
19    (242 , 322)
20    (241 , 321)
21    (240 , 320)
22    (239 , 319)
23    (238 , 318)
24    (237 , 317)
25    (236 , 316)
26    (235 , 315)
27    (234 , 314)
28    (233 , 313)
29    (232 , 312)
30    (231 , 311)
31    (230 , 310)
32    (229 , 309)
33    (228 , 308)
34    (227 , 307)
35    (226 , 306)
36    (225 , 305)
37    (224 , 304)
38    (223 , 303)
39    (222 , 302)
40    (221 , 301)
41    (220 , 300)
42    (219 , 299)
43    (218 , 298)
44    (217 , 297)
45    (216 , 296)
46    (215 , 295)
47    (214 , 294)
48    (213 , 293)
49    (212 , 292)
50    (211 , 291)
51    (210 , 290)
52    (209 , 289)
53    (208 , 288)
54    (207 , 287)
55    (206 , 286)
56    (205 , 285)
57    (204 , 284)
58    (203 , 283)
59    (202 , 282)
60    (201 , 281)
61    (200 , 280)
62    (199 , 279)
63    (198 , 278)
64    (197 , 277)
65    (196 , 276)
66    (195 , 275)
67    (194 , 274)
68    (193 , 273)
69    (192 , 272)
70    (191 , 271)
71    (190 , 270)
72    (189 , 269)
73    (188 , 268)
74    (187 , 267)
75    (186 , 266)
mid pass
3
159
239
135
76
0
0
treeB
treeB else branch
before 80
3 159 239 135 76 0 0 234 314 
after 80
3 162 242 135 76 0 0 237 317 
0     (337 , 417)
1     (336 , 416)
2     (335 , 415)
3     (334 , 414)
4     (333 , 413)
5     (332 , 412)
6     (331 , 411)
7     (330 , 410)
8     (329 , 409)
9     (328 , 408)
10    (327 , 407)
11    (326 , 406)
12    (325 , 405)
13    (324 , 404)
14    (323 , 403)
15    (322 , 402)
16    (321 , 401)
17    (320 , 400)
18    (319 , 399)
19    (318 , 398)
20    (317 , 397)
21    (316 , 396)
22    (315 , 395)
23    (314 , 394)
24    (313 , 393)
25    (312 , 392)
26    (311 , 391)
27    (310 , 390)
28    (309 , 389)
29    (308 , 388)
30    (307 , 387)
31    (306 , 386)
32    (305 , 385)
33    (304 , 384)
34    (303 , 383)
35    (302 , 382)
36    (301 , 381)
37    (300 , 380)
38    (299 , 379)
39    (298 , 378)
40    (297 , 377)
41    (296 , 376)
42    (295 , 375)
43    (294 , 374)
44    (293 , 373)
45    (292 , 372)
46    (291 , 371)
47    (290 , 370)
48    (289 , 369)
49    (288 , 368)
50    (287 , 367)
51    (286 , 366)
52    (285 , 365)
53    (284 , 364)
54    (283 , 363)
55    (282 , 362)
56    (281 , 361)
57    (280 , 360)
58    (279 , 359)
59    (278 , 358)
60    (277 , 357)
61    (276 , 356)
62    (275 , 355)
63    (274 , 354)
64    (273 , 353)
65    (272 , 352)
66    (271 , 351)
67    (270 , 350)
68    (269 , 349)
69    (268 , 348)
70    (267 , 347)
71    (266 , 346)
72    (265 , 345)
73    (264 , 344)
74    (263 , 343)
75    (262 , 342)
mid pass
4
235
315
135
76
0
0
treeB
treeB else branch
before 80
4 235 315 135 76 0 0 310 390 
after 80
4 238 318 135 76 0 0 313 393 
0     (413 , 493)
1     (412 , 492)
2     (411 , 491)
3     (410 , 490)
4     (409 , 489)
5     (408 , 488)
6     (407 , 487)
7     (406 , 486)
8     (405 , 485)
9     (404 , 484)
10    (403 , 483)
11    (402 , 482)
12    (401 , 481)
13    (400 , 480)
14    (399 , 479)
15    (398 , 478)
16    (397 , 477)
17    (396 , 476)
18    (395 , 475)
19    (394 , 474)
20    (393 , 473)
21    (392 , 472)
22    (391 , 471)
23    (390 , 470)
24    (389 , 469)
25    (388 , 468)
26    (387 , 467)
27    (386 , 466)
28    (385 , 465)
29    (384 , 464)
30    (383 , 463)
31    (382 , 462)
32    (381 , 461)
33    (380 , 460)
34    (379 , 459)
35    (378 , 458)
36    (377 , 457)
37    (376 , 456)
38    (375 , 455)
39    (374 , 454)
40    (373 , 453)
41    (372 , 452)
42    (371 , 451)
43    (370 , 450)
44    (369 , 449)
45    (368 , 448)
46    (367 , 447)
47    (366 , 446)
48    (365 , 445)
49    (364 , 444)
50    (363 , 443)
51    (362 , 442)
52    (361 , 441)
53    (360 , 440)
54    (359 , 439)
55    (358 , 438)
56    (357 , 437)
57    (356 , 436)
58    (355 , 435)
59    (354 , 434)
60    (353 , 433)
61    (352 , 432)
62    (351 , 431)
63    (350 , 430)
64    (349 , 429)
65    (348 , 428)
66    (347 , 427)
67    (346 , 426)
68    (345 , 425)
69    (344 , 424)
70    (343 , 423)
71    (342 , 422)
72    (341 , 421)
73    (340 , 420)
74    (339 , 419)
75    (338 , 418)
mid pass
5
311
391
135
76
0
0
treeB
treeB else branch
before 80
5 311 391 135 76 0 0 386 466 
after 80
5 314 394 135 76 0 0 389 469 
0     (489 , 569)
1     (488 , 568)
2     (487 , 567)
3     (486 , 566)
4     (485 , 565)
5     (484 , 564)
6     (483 , 563)
7     (482 , 562)
8     (481 , 561)
9     (480 , 560)
10    (479 , 559)
11    (478 , 558)
12    (477 , 557)
13    (476 , 556)
14    (475 , 555)
15    (474 , 554)
16    (473 , 553)
17    (472 , 552)
18    (471 , 551)
19    (470 , 550)
20    (469 , 549)
21    (468 , 548)
22    (467 , 547)
23    (466 , 546)
24    (465 , 545)
25    (464 , 544)
26    (463 , 543)
27    (462 , 542)
28    (461 , 541)
29    (460 , 540)
30    (459 , 539)
31    (458 , 538)
32    (457 , 537)
33    (456 , 536)
34    (455 , 535)
35    (454 , 534)
36    (453 , 533)
37    (452 , 532)
38    (451 , 531)
39    (450 , 530)
40    (449 , 529)
41    (448 , 528)
42    (447 , 527)
43    (446 , 526)
44    (445 , 525)
45    (444 , 524)
46    (443 , 523)
47    (442 , 522)
48    (441 , 521)
49    (440 , 520)
50    (439 , 519)
51    (438 , 518)
52    (437 , 517)
53    (436 , 516)
54    (435 , 515)
55    (434 , 514)
56    (433 , 513)
57    (432 , 512)
58    (431 , 511)
59    (430 , 510)
60    (429 , 509)
61    (428 , 508)
62    (427 , 507)
63    (426 , 506)
64    (425 , 505)
65    (424 , 504)
66    (423 , 503)
67    (422 , 502)
68    (421 , 501)
69    (420 , 500)
70    (419 , 499)
71    (418 , 498)
72    (417 , 497)
73    (416 , 496)
74    (415 , 495)
75    (414 , 494)
mid pass
6
387
467
135
76
0
0
treeB
treeB else branch
before 80
6 387 467 135 76 0 0 462 542 
after 80
6 390 470 135 76 0 0 465 545 
0     (565 , 645)
1     (564 , 644)
2     (563 , 643)
3     (562 , 642)
4     (561 , 641)
5     (560 , 640)
6     (559 , 639)
7     (558 , 638)
8     (557 , 637)
9     (556 , 636)
10    (555 , 635)
11    (554 , 634)
12    (553 , 633)
13    (552 , 632)
14    (551 , 631)
15    (550 , 630)
16    (549 , 629)
17    (548 , 628)
18    (547 , 627)
19    (546 , 626)
20    (545 , 625)
21    (544 , 624)
22    (543 , 623)
23    (542 , 622)
24    (541 , 621)
25    (540 , 620)
26    (539 , 619)
27    (538 , 618)
28    (537 , 617)
29    (536 , 616)
30    (535 , 615)
31    (534 , 614)
32    (533 , 613)
33    (532 , 612)
34    (531 , 611)
35    (530 , 610)
36    (529 , 609)
37    (528 , 608)
38    (527 , 607)
39    (526 , 606)
40    (525 , 605)
41    (524 , 604)
42    (523 , 603)
43    (522 , 602)
44    (521 , 601)
45    (520 , 600)
46    (519 , 599)
47    (518 , 598)
48    (517 , 597)
49    (516 , 596)
50    (515 , 595)
51    (514 , 594)
52    (513 , 593)
53    (512 , 592)
54    (511 , 591)
55    (510 , 590)
56    (509 , 589)
57    (508 , 588)
58    (507 , 587)
59    (506 , 586)
60    (505 , 585)
61    (504 , 584)
62    (503 , 583)
63    (502 , 582)
64    (501 , 581)
65    (500 , 580)
66    (499 , 579)
67    (498 , 578)
68    (497 , 577)
69    (496 , 576)
70    (495 , 575)
71    (494 , 574)
72    (493 , 573)
73    (492 , 572)
74    (491 , 571)
75    (490 , 570)
mid pass
7
463
543
135
76
0
0
treeB
treeB else branch
before 80
7 463 543 135 76 0 0 538 618 
after 80
7 466 546 135 76 0 0 541 621 
0     (641 , 721)
1     (640 , 720)
2     (639 , 719)
3     (638 , 718)
4     (637 , 717)
5     (636 , 716)
6     (635 , 715)
7     (634 , 714)
8     (633 , 713)
9     (632 , 712)
10    (631 , 711)
11    (630 , 710)
12    (629 , 709)
13    (628 , 708)
14    (627 , 707)
15    (626 , 706)
16    (625 , 705)
17    (624 , 704)
18    (623 , 703)
19    (622 , 702)
20    (621 , 701)
21    (620 , 700)
22    (619 , 699)
23    (618 , 698)
24    (617 , 697)
25    (616 , 696)
26    (615 , 695)
27    (614 , 694)
28    (613 , 693)
29    (612 , 692)
30    (611 , 691)
31    (610 , 690)
32    (609 , 689)
33    (608 , 688)
34    (607 , 687)
35    (606 , 686)
36    (605 , 685)
37    (604 , 684)
38    (603 , 683)
39    (602 , 682)
40    (601 , 681)
41    (600 , 680)
42    (599 , 679)
43    (598 , 678)
44    (597 , 677)
45    (596 , 676)
46    (595 , 675)
47    (594 , 674)
48    (593 , 673)
49    (592 , 672)
50    (591 , 671)
51    (590 , 670)
52    (589 , 669)
53    (588 , 668)
54    (587 , 667)
55    (586 , 666)
56    (585 , 665)
57    (584 , 664)
58    (583 , 663)
59    (582 , 662)
60    (581 , 661)
61    (580 , 660)
62    (579 , 659)
63    (578 , 658)
64    (577 , 657)
65    (576 , 656)
66    (575 , 655)
67    (574 , 654)
68    (573 , 653)
69    (572 , 652)
70    (571 , 651)
71    (570 , 650)
72    (569 , 649)
73    (568 , 648)
74    (567 , 647)
75    (566 , 646)
mid pass
8
539
619
135
35
0
0
treeB
treeB else branch
before 80
8 539 619 135 35 0 0 573 653 
after 80
8 583 663 135 35 0 0 617 697 
0     (717 , 797)
1     (716 , 796)
2     (715 , 795)
3     (714 , 794)
4     (713 , 793)
5     (712 , 792)
6     (711 , 791)
7     (710 , 790)
8     (709 , 789)
9     (708 , 788)
10    (707 , 787)
11    (706 , 786)
12    (705 , 785)
13    (704 , 784)
14    (703 , 783)
15    (702 , 782)
16    (701 , 781)
17    (700 , 780)
18    (699 , 779)
19    (698 , 778)
20    (697 , 777)
21    (696 , 776)
22    (695 , 775)
23    (694 , 774)
24    (693 , 773)
25    (692 , 772)
26    (691 , 771)
27    (690 , 770)
28    (689 , 769)
29    (688 , 768)
30    (687 , 767)
31    (686 , 766)
32    (685 , 765)
33    (684 , 764)
34    (683 , 763)
mid pass
